seed=1725146656
seed2=165
L=8
nstep=10
tw=10
Jz=0
eps=5
alpha=0
Sz=0
pbc=0
type=1
beta=10
tau=0.001
Jxy=1
wc=10
ss=1
	                 1.5	   -5.75463599137115
	                   2	   -5.90247730815602
	                 2.5	   -6.02552183179668
	                   3	   -6.12963494692671
	                 3.5	   -6.21684429208038
	                   4	    -6.2974654074468
	                 4.5	   -6.36327294515365
	                   5	   -6.42217265094562
