Date: 2024-08-29 11:42:17
Tasks: 3
seed=1724924500
seed2=0
L=4
nstep=100
tw=1
Jz=0
eps=5
alpha=0
Sz=0
pbc=0
type=1
beta=10
tau=0.001
Jxy=1
wc=10
ss=1
	                   1	                -0.2	                   0	   -7.65366666666667
	                   2	  -0.233333333333333	                   0	   -7.66184333333333
	                   3	  -0.244444333333333	                   0	            -7.66457
	    2.66666666666667	  -0.166666666666667	                   0	   -4.81269333333333
	   -2.17537666666667	    1.66666666666667	 -0.0666666666666667	                   0
	            -2.20432	                   2	 -0.0666666666666667	                   0
